Version Size Threads Time
Sequential 100 1 0.000005
Parallel 100 1 0.000015
Builtin 100 1 0.000010
Sequential 100 1 0.000005
Parallel 100 1 0.000016
Builtin 100 1 0.000011
Sequential 100 1 0.000005
Parallel 100 1 0.000015
Builtin 100 1 0.000011
Sequential 100 1 0.000005
Parallel 100 1 0.000017
Builtin 100 1 0.000010
Sequential 100 1 0.000005
Parallel 100 1 0.000019
Builtin 100 1 0.000014
Sequential 100 1 0.000005
Parallel 100 1 0.000017
Builtin 100 1 0.000013
Sequential 100 1 0.000005
Parallel 100 1 0.000017
Builtin 100 1 0.000010
Sequential 100 1 0.000005
Parallel 100 1 0.000019
Builtin 100 1 0.000015
Sequential 100 1 0.000005
Parallel 100 1 0.000018
Builtin 100 1 0.000015
Sequential 100 1 0.000005
Parallel 100 1 0.000016
Builtin 100 1 0.000014
Sequential 1000 1 0.000066
Parallel 1000 1 0.000096
Builtin 1000 1 0.000623
Sequential 1000 1 0.000065
Parallel 1000 1 0.000093
Builtin 1000 1 0.000260
Sequential 1000 1 0.000066
Parallel 1000 1 0.000096
Builtin 1000 1 0.000607
Sequential 1000 1 0.000066
Parallel 1000 1 0.000097
Builtin 1000 1 0.000417
Sequential 1000 1 0.000066
Parallel 1000 1 0.000087
Builtin 1000 1 0.000226
Sequential 1000 1 0.000065
Parallel 1000 1 0.000095
Builtin 1000 1 0.000240
Sequential 1000 1 0.000066
Parallel 1000 1 0.000088
Builtin 1000 1 0.000209
Sequential 1000 1 0.000065
Parallel 1000 1 0.000095
Builtin 1000 1 0.000589
Sequential 1000 1 0.000065
Parallel 1000 1 0.000094
Builtin 1000 1 0.000219
Sequential 1000 1 0.000065
Parallel 1000 1 0.000095
Builtin 1000 1 0.000543
Sequential 10000 1 0.000835
Parallel 10000 1 0.001016
Builtin 10000 1 0.001941
Sequential 10000 1 0.000837
Parallel 10000 1 0.001020
Builtin 10000 1 0.001578
Sequential 10000 1 0.000832
Parallel 10000 1 0.001009
Builtin 10000 1 0.001927
Sequential 10000 1 0.000836
Parallel 10000 1 0.001019
Builtin 10000 1 0.001585
Sequential 10000 1 0.000833
Parallel 10000 1 0.001009
Builtin 10000 1 0.001942
Sequential 10000 1 0.000837
Parallel 10000 1 0.001026
Builtin 10000 1 0.001721
Sequential 10000 1 0.000835
Parallel 10000 1 0.001006
Builtin 10000 1 0.001916
Sequential 10000 1 0.000835
Parallel 10000 1 0.001008
Builtin 10000 1 0.002019
Sequential 10000 1 0.000834
Parallel 10000 1 0.001008
Builtin 10000 1 0.001933
Sequential 10000 1 0.000832
Parallel 10000 1 0.001029
Builtin 10000 1 0.002004
Sequential 100000 1 0.010173
Parallel 100000 1 0.011789
Builtin 100000 1 0.018384
Sequential 100000 1 0.010201
Parallel 100000 1 0.011789
Builtin 100000 1 0.018408
Sequential 100000 1 0.010187
Parallel 100000 1 0.011796
Builtin 100000 1 0.018062
Sequential 100000 1 0.010181
Parallel 100000 1 0.011804
Builtin 100000 1 0.018780
Sequential 100000 1 0.010178
Parallel 100000 1 0.011804
Builtin 100000 1 0.018323
Sequential 100000 1 0.010186
Parallel 100000 1 0.011855
Builtin 100000 1 0.018082
Sequential 100000 1 0.010212
Parallel 100000 1 0.011796
Builtin 100000 1 0.018121
Sequential 100000 1 0.010188
Parallel 100000 1 0.011809
Builtin 100000 1 0.018821
Sequential 100000 1 0.010205
Parallel 100000 1 0.011812
Builtin 100000 1 0.018076
Sequential 100000 1 0.010174
Parallel 100000 1 0.011826
Builtin 100000 1 0.018163
Sequential 1000000 1 0.121414
Parallel 1000000 1 0.136829
Builtin 1000000 1 0.216831
Sequential 1000000 1 0.121627
Parallel 1000000 1 0.136921
Builtin 1000000 1 0.217058
Sequential 1000000 1 0.121448
Parallel 1000000 1 0.136652
Builtin 1000000 1 0.217047
Sequential 1000000 1 0.121971
Parallel 1000000 1 0.138240
Builtin 1000000 1 0.217537
Sequential 1000000 1 0.121971
Parallel 1000000 1 0.138156
Builtin 1000000 1 0.217113
Sequential 1000000 1 0.121222
Parallel 1000000 1 0.137340
Builtin 1000000 1 0.217287
Sequential 1000000 1 0.121286
Parallel 1000000 1 0.137494
Builtin 1000000 1 0.217865
Sequential 1000000 1 0.122613
Parallel 1000000 1 0.138299
Builtin 1000000 1 0.217473
Sequential 1000000 1 0.122381
Parallel 1000000 1 0.138058
Builtin 1000000 1 0.217654
Sequential 1000000 1 0.120327
Parallel 1000000 1 0.135786
Builtin 1000000 1 0.217050
Sequential 10000000 1 1.408886
Parallel 10000000 1 1.562557
Builtin 10000000 1 2.567410
Sequential 10000000 1 1.412541
Parallel 10000000 1 1.567835
Builtin 10000000 1 2.564970
Sequential 10000000 1 1.400552
Parallel 10000000 1 1.557260
Builtin 10000000 1 2.564444
Sequential 10000000 1 1.411646
Parallel 10000000 1 1.567842
Builtin 10000000 1 2.566739
Sequential 10000000 1 1.431170
Parallel 10000000 1 1.587998
Builtin 10000000 1 2.563512
Sequential 10000000 1 1.441710
Parallel 10000000 1 1.747654
Builtin 10000000 1 2.953423
Sequential 10000000 1 1.403421
Parallel 10000000 1 1.560686
Builtin 10000000 1 2.564212
Sequential 10000000 1 1.397174
Parallel 10000000 1 1.553622
Builtin 10000000 1 2.564633
Sequential 10000000 1 1.420208
Parallel 10000000 1 1.575553
Builtin 10000000 1 2.565572
Sequential 10000000 1 1.399141
Parallel 10000000 1 1.558028
Builtin 10000000 1 2.568758
Sequential 100000000 1 16.066385
Parallel 100000000 1 17.652176
Builtin 100000000 1 29.766150
Sequential 100000000 1 16.124418
Parallel 100000000 1 17.706285
Builtin 100000000 1 29.604844
Sequential 100000000 1 16.088079
Parallel 100000000 1 17.651456
Builtin 100000000 1 29.953109
Sequential 100000000 1 16.168958
Parallel 100000000 1 17.646136
Builtin 100000000 1 31.417735
Sequential 100000000 1 16.066944
Parallel 100000000 1 17.629592
Builtin 100000000 1 30.037679
Sequential 100000000 1 16.157291
Parallel 100000000 1 17.665303
Builtin 100000000 1 29.781698
Sequential 100000000 1 16.194657
Parallel 100000000 1 17.776096
Builtin 100000000 1 29.808326
Parallel 100 2 0.000028
Parallel 100 2 0.000012
Parallel 100 2 0.000012
Parallel 100 2 0.000012
Parallel 100 2 0.000011
Parallel 100 2 0.000011
Parallel 100 2 0.000011
Parallel 100 2 0.000011
Parallel 100 2 0.000011
Parallel 100 2 0.000011
Parallel 100 4 0.000012
Parallel 100 4 0.000010
Parallel 100 4 0.000011
Parallel 100 4 0.000011
Parallel 100 4 0.000011
Parallel 100 4 0.000010
Parallel 100 4 0.000011
Parallel 100 4 0.000011
Parallel 100 4 0.000011
Parallel 100 4 0.000009
Parallel 100 8 0.000008
Parallel 100 8 0.000008
Parallel 100 8 0.000009
Parallel 100 8 0.000008
Parallel 100 8 0.000009
Parallel 100 8 0.000009
Parallel 100 8 0.000009
Parallel 100 8 0.000008
Parallel 100 8 0.000008
Parallel 100 8 0.000009
Parallel 100 16 0.000017
Parallel 100 16 0.000013
Parallel 100 16 0.000012
Parallel 100 16 0.000012
Parallel 100 16 0.000012
Parallel 100 16 0.000012
Parallel 100 16 0.000012
Parallel 100 16 0.000013
Parallel 100 16 0.000012
Parallel 100 16 0.000013
Parallel 100 32 0.000018
Parallel 100 32 0.000017
Parallel 100 32 0.000017
Parallel 100 32 0.000015
Parallel 100 32 0.000015
Parallel 100 32 0.000016
Parallel 100 32 0.000017
Parallel 100 32 0.000016
Parallel 100 32 0.000016
Parallel 100 32 0.000015
Parallel 100 48 0.000017
Parallel 100 48 0.000018
Parallel 100 48 0.000016
Parallel 100 48 0.000012
Parallel 100 48 0.000016
Parallel 100 48 0.000015
Parallel 100 48 0.000013
Parallel 100 48 0.000016
Parallel 100 48 0.000011
Parallel 100 48 0.000014
Parallel 100 64 0.000024
Parallel 100 64 0.000015
Parallel 100 64 0.000017
Parallel 100 64 0.000013
Parallel 100 64 0.000014
Parallel 100 64 0.000018
Parallel 100 64 0.000026
Parallel 100 64 0.000016
Parallel 100 64 0.000018
Parallel 100 64 0.000017
Parallel 100 96 0.000017
Parallel 100 96 0.000017
Parallel 100 96 0.000019
Parallel 100 96 0.000021
Parallel 100 96 0.000017
Parallel 100 96 0.000020
Parallel 100 96 0.000023
Parallel 100 96 0.000021
Parallel 100 96 0.000026
Parallel 100 96 0.000021
Parallel 100 128 0.000025
Parallel 100 128 0.000020
Parallel 100 128 0.000021
Parallel 100 128 0.000031
Parallel 100 128 0.000020
Parallel 100 128 0.000021
Parallel 100 128 0.000022
Parallel 100 128 0.000020
Parallel 100 128 0.000019
Parallel 100 128 0.000021
Parallel 100 144 0.000016
Parallel 100 144 0.000022
Parallel 100 144 0.000019
Parallel 100 144 0.000016
Parallel 100 144 0.000021
Parallel 100 144 0.000020
Parallel 100 144 0.000016
Parallel 100 144 0.000017
Parallel 100 144 0.000016
Parallel 100 144 0.000021
Parallel 100 192 0.000026
Parallel 100 192 0.000031
Parallel 100 192 0.000029
Parallel 100 192 0.000028
Parallel 100 192 0.000029
Parallel 100 192 0.000029
Parallel 100 192 0.000029
Parallel 100 192 0.000029
Parallel 100 192 0.000027
Parallel 100 192 0.000029
Parallel 1000 2 0.000092
Parallel 1000 2 0.000088
Parallel 1000 2 0.000086
Parallel 1000 2 0.000088
Parallel 1000 2 0.000087
Parallel 1000 2 0.000086
Parallel 1000 2 0.000085
Parallel 1000 2 0.000086
Parallel 1000 2 0.000084
Parallel 1000 2 0.000085
Parallel 1000 4 0.000088
Parallel 1000 4 0.000086
Parallel 1000 4 0.000084
Parallel 1000 4 0.000083
Parallel 1000 4 0.000086
Parallel 1000 4 0.000086
Parallel 1000 4 0.000086
Parallel 1000 4 0.000085
Parallel 1000 4 0.000085
Parallel 1000 4 0.000085
Parallel 1000 8 0.000085
Parallel 1000 8 0.000084
Parallel 1000 8 0.000085
Parallel 1000 8 0.000083
Parallel 1000 8 0.000143
Parallel 1000 8 0.000085
Parallel 1000 8 0.000085
Parallel 1000 8 0.000084
Parallel 1000 8 0.000084
Parallel 1000 8 0.000084
Parallel 1000 16 0.000089
Parallel 1000 16 0.000087
Parallel 1000 16 0.000087
Parallel 1000 16 0.000084
Parallel 1000 16 0.000087
Parallel 1000 16 0.000086
Parallel 1000 16 0.000087
Parallel 1000 16 0.000087
Parallel 1000 16 0.000086
Parallel 1000 16 0.000086
Parallel 1000 32 0.000091
Parallel 1000 32 0.000085
Parallel 1000 32 0.000104
Parallel 1000 32 0.000090
Parallel 1000 32 0.000092
Parallel 1000 32 0.000090
Parallel 1000 32 0.000091
Parallel 1000 32 0.000088
Parallel 1000 32 0.000103
Parallel 1000 32 0.000091
Parallel 1000 48 0.000135
Parallel 1000 48 0.000097
Parallel 1000 48 0.000094
Parallel 1000 48 0.000096
Parallel 1000 48 0.000096
Parallel 1000 48 0.000093
Parallel 1000 48 0.000097
Parallel 1000 48 0.000096
Parallel 1000 48 0.000091
Parallel 1000 48 0.000096
Parallel 1000 64 0.000099
Parallel 1000 64 0.000096
Parallel 1000 64 0.000100
Parallel 1000 64 0.000100
Parallel 1000 64 0.000099
Parallel 1000 64 0.000099
Parallel 1000 64 0.000099
Parallel 1000 64 0.000103
Parallel 1000 64 0.000097
Parallel 1000 64 0.000101
Parallel 1000 96 0.000105
Parallel 1000 96 0.000101
Parallel 1000 96 0.000102
Parallel 1000 96 0.000099
Parallel 1000 96 0.000103
Parallel 1000 96 0.000102
Parallel 1000 96 0.000102
Parallel 1000 96 0.000101
Parallel 1000 96 0.000100
Parallel 1000 96 0.000103
Parallel 1000 128 0.000103
Parallel 1000 128 0.000100
Parallel 1000 128 0.000106
Parallel 1000 128 0.000100
Parallel 1000 128 0.000105
Parallel 1000 128 0.000105
Parallel 1000 128 0.000111
Parallel 1000 128 0.000099
Parallel 1000 128 0.000103
Parallel 1000 128 0.000101
Parallel 1000 144 0.000167
Parallel 1000 144 0.000104
Parallel 1000 144 0.000105
Parallel 1000 144 0.000112
Parallel 1000 144 0.000102
Parallel 1000 144 0.000105
Parallel 1000 144 0.000104
Parallel 1000 144 0.000104
Parallel 1000 144 0.000098
Parallel 1000 144 0.000098
Parallel 1000 192 0.000106
Parallel 1000 192 0.000107
Parallel 1000 192 0.000103
Parallel 1000 192 0.000103
Parallel 1000 192 0.000118
Parallel 1000 192 0.000107
Parallel 1000 192 0.000106
Parallel 1000 192 0.000108
Parallel 1000 192 0.000105
Parallel 1000 192 0.000103
Parallel 10000 2 0.001030
Parallel 10000 2 0.001009
Parallel 10000 2 0.001013
Parallel 10000 2 0.001035
Parallel 10000 2 0.001024
Parallel 10000 2 0.001012
Parallel 10000 2 0.001021
Parallel 10000 2 0.001009
Parallel 10000 2 0.001008
Parallel 10000 2 0.001012
Parallel 10000 4 0.001012
Parallel 10000 4 0.001012
Parallel 10000 4 0.001011
Parallel 10000 4 0.001006
Parallel 10000 4 0.001010
Parallel 10000 4 0.001011
Parallel 10000 4 0.001091
Parallel 10000 4 0.001023
Parallel 10000 4 0.001011
Parallel 10000 4 0.001010
Parallel 10000 8 0.001027
Parallel 10000 8 0.001006
Parallel 10000 8 0.001023
Parallel 10000 8 0.001022
Parallel 10000 8 0.001010
Parallel 10000 8 0.001012
Parallel 10000 8 0.001012
Parallel 10000 8 0.001007
Parallel 10000 8 0.001009
Parallel 10000 8 0.001011
Parallel 10000 16 0.001031
Parallel 10000 16 0.001027
Parallel 10000 16 0.001037
Parallel 10000 16 0.001031
Parallel 10000 16 0.001013
Parallel 10000 16 0.001015
Parallel 10000 16 0.001014
Parallel 10000 16 0.001019
Parallel 10000 16 0.001007
Parallel 10000 16 0.001019
Parallel 10000 32 0.001038
Parallel 10000 32 0.001015
Parallel 10000 32 0.001032
Parallel 10000 32 0.001019
Parallel 10000 32 0.001019
Parallel 10000 32 0.001017
Parallel 10000 32 0.001020
Parallel 10000 32 0.001020
Parallel 10000 32 0.001019
Parallel 10000 32 0.001017
Parallel 10000 48 0.001031
Parallel 10000 48 0.001027
Parallel 10000 48 0.001047
Parallel 10000 48 0.001030
Parallel 10000 48 0.001037
Parallel 10000 48 0.001024
Parallel 10000 48 0.001030
Parallel 10000 48 0.001023
Parallel 10000 48 0.001023
Parallel 10000 48 0.001021
Parallel 10000 64 0.001022
Parallel 10000 64 0.001023
Parallel 10000 64 0.001023
Parallel 10000 64 0.001020
Parallel 10000 64 0.001025
Parallel 10000 64 0.001017
Parallel 10000 64 0.001042
Parallel 10000 64 0.001019
Parallel 10000 64 0.001031
Parallel 10000 64 0.001020
Parallel 10000 96 0.001042
Parallel 10000 96 0.001021
Parallel 10000 96 0.001060
Parallel 10000 96 0.001025
Parallel 10000 96 0.001033
Parallel 10000 96 0.001037
Parallel 10000 96 0.001054
Parallel 10000 96 0.001037
Parallel 10000 96 0.001031
Parallel 10000 96 0.001034
Parallel 10000 128 0.001033
Parallel 10000 128 0.001032
Parallel 10000 128 0.001013
Parallel 10000 128 0.001032
Parallel 10000 128 0.001047
Parallel 10000 128 0.001050
Parallel 10000 128 0.001032
Parallel 10000 128 0.001031
Parallel 10000 128 0.001045
Parallel 10000 128 0.001046
Parallel 10000 144 0.001036
Parallel 10000 144 0.001034
Parallel 10000 144 0.001035
Parallel 10000 144 0.001036
Parallel 10000 144 0.001025
Parallel 10000 144 0.001023
Parallel 10000 144 0.001014
Parallel 10000 144 0.001036
Parallel 10000 144 0.001034
Parallel 10000 144 0.001041
Parallel 10000 192 0.001037
Parallel 10000 192 0.001034
Parallel 10000 192 0.001057
Parallel 10000 192 0.001035
Parallel 10000 192 0.001026
Parallel 10000 192 0.001048
Parallel 10000 192 0.001041
Parallel 10000 192 0.001024
Parallel 10000 192 0.001043
Parallel 10000 192 0.001059
Parallel 100000 2 0.010981
Parallel 100000 2 0.010936
Parallel 100000 2 0.010934
Parallel 100000 2 0.010917
Parallel 100000 2 0.010921
Parallel 100000 2 0.010921
Parallel 100000 2 0.010910
Parallel 100000 2 0.010905
Parallel 100000 2 0.010925
Parallel 100000 2 0.010917
Parallel 100000 4 0.005368
Parallel 100000 4 0.005334
Parallel 100000 4 0.005345
Parallel 100000 4 0.005321
Parallel 100000 4 0.005342
Parallel 100000 4 0.005341
Parallel 100000 4 0.005218
Parallel 100000 4 0.005214
Parallel 100000 4 0.005222
Parallel 100000 4 0.005251
Parallel 100000 8 0.003113
Parallel 100000 8 0.002947
Parallel 100000 8 0.003104
Parallel 100000 8 0.002927
Parallel 100000 8 0.002937
Parallel 100000 8 0.002947
Parallel 100000 8 0.002936
Parallel 100000 8 0.003096
Parallel 100000 8 0.003078
Parallel 100000 8 0.002919
Parallel 100000 16 0.002290
Parallel 100000 16 0.002289
Parallel 100000 16 0.002285
Parallel 100000 16 0.002286
Parallel 100000 16 0.002285
Parallel 100000 16 0.002289
Parallel 100000 16 0.002353
Parallel 100000 16 0.002292
Parallel 100000 16 0.002260
Parallel 100000 16 0.002297
Parallel 100000 32 0.002511
Parallel 100000 32 0.002367
Parallel 100000 32 0.002348
Parallel 100000 32 0.002317
Parallel 100000 32 0.002479
Parallel 100000 32 0.002441
Parallel 100000 32 0.002377
Parallel 100000 32 0.002397
Parallel 100000 32 0.002347
Parallel 100000 32 0.002346
Parallel 100000 48 0.002668
Parallel 100000 48 0.002468
Parallel 100000 48 0.002511
Parallel 100000 48 0.002507
Parallel 100000 48 0.002669
Parallel 100000 48 0.002434
Parallel 100000 48 0.002611
Parallel 100000 48 0.002334
Parallel 100000 48 0.002542
Parallel 100000 48 0.002733
Parallel 100000 64 0.002993
Parallel 100000 64 0.002735
Parallel 100000 64 0.002745
Parallel 100000 64 0.002764
Parallel 100000 64 0.002778
Parallel 100000 64 0.002875
Parallel 100000 64 0.002597
Parallel 100000 64 0.002984
Parallel 100000 64 0.002713
Parallel 100000 64 0.002823
Parallel 100000 96 0.003493
Parallel 100000 96 0.003109
Parallel 100000 96 0.002918
Parallel 100000 96 0.003323
Parallel 100000 96 0.002867
Parallel 100000 96 0.003117
Parallel 100000 96 0.004154
Parallel 100000 96 0.003563
Parallel 100000 96 0.004466
Parallel 100000 96 0.003798
Parallel 100000 128 0.003578
Parallel 100000 128 0.002848
Parallel 100000 128 0.004651
Parallel 100000 128 0.003934
Parallel 100000 128 0.003813
Parallel 100000 128 0.003611
Parallel 100000 128 0.003144
Parallel 100000 128 0.004011
Parallel 100000 128 0.004174
Parallel 100000 128 0.003011
Parallel 100000 144 0.004155
Parallel 100000 144 0.004515
Parallel 100000 144 0.004903
Parallel 100000 144 0.003590
Parallel 100000 144 0.004645
Parallel 100000 144 0.003767
Parallel 100000 144 0.005452
Parallel 100000 144 0.004516
Parallel 100000 144 0.003583
Parallel 100000 144 0.003156
Parallel 100000 192 0.006206
Parallel 100000 192 0.006850
Parallel 100000 192 0.006495
Parallel 100000 192 0.006289
Parallel 100000 192 0.003451
Parallel 100000 192 0.004353
Parallel 100000 192 0.004063
Parallel 100000 192 0.006872
Parallel 100000 192 0.002991
Parallel 100000 192 0.006491
Parallel 1000000 2 0.125645
Parallel 1000000 2 0.125363
Parallel 1000000 2 0.125705
Parallel 1000000 2 0.087407
Parallel 1000000 2 0.087397
Parallel 1000000 2 0.087415
Parallel 1000000 2 0.087601
Parallel 1000000 2 0.087320
Parallel 1000000 2 0.087677
Parallel 1000000 2 0.087357
Parallel 1000000 4 0.059915
Parallel 1000000 4 0.059953
Parallel 1000000 4 0.054405
Parallel 1000000 4 0.054604
Parallel 1000000 4 0.054448
Parallel 1000000 4 0.054581
Parallel 1000000 4 0.054232
Parallel 1000000 4 0.054361
Parallel 1000000 4 0.054642
Parallel 1000000 4 0.054614
Parallel 1000000 8 0.027920
Parallel 1000000 8 0.028624
Parallel 1000000 8 0.027868
Parallel 1000000 8 0.028618
Parallel 1000000 8 0.028609
Parallel 1000000 8 0.028934
Parallel 1000000 8 0.028872
Parallel 1000000 8 0.028569
Parallel 1000000 8 0.034958
Parallel 1000000 8 0.035102
Parallel 1000000 16 0.024151
Parallel 1000000 16 0.024000
Parallel 1000000 16 0.023021
Parallel 1000000 16 0.023412
Parallel 1000000 16 0.023325
Parallel 1000000 16 0.023950
Parallel 1000000 16 0.024190
Parallel 1000000 16 0.024039
Parallel 1000000 16 0.024336
Parallel 1000000 16 0.023769
Parallel 1000000 32 0.019416
Parallel 1000000 32 0.019747
Parallel 1000000 32 0.019834
Parallel 1000000 32 0.021144
Parallel 1000000 32 0.019709
Parallel 1000000 32 0.019711
Parallel 1000000 32 0.019780
Parallel 1000000 32 0.021264
Parallel 1000000 32 0.020329
Parallel 1000000 32 0.018025
Parallel 1000000 48 0.020012
Parallel 1000000 48 0.018591
Parallel 1000000 48 0.018319
Parallel 1000000 48 0.019157
Parallel 1000000 48 0.018774
Parallel 1000000 48 0.018191
Parallel 1000000 48 0.019175
Parallel 1000000 48 0.019301
Parallel 1000000 48 0.018760
Parallel 1000000 48 0.019117
Parallel 1000000 64 0.019899
Parallel 1000000 64 0.019212
Parallel 1000000 64 0.019019
Parallel 1000000 64 0.019226
Parallel 1000000 64 0.022112
Parallel 1000000 64 0.019331
Parallel 1000000 64 0.018920
Parallel 1000000 64 0.018353
Parallel 1000000 64 0.020698
Parallel 1000000 64 0.019250
Parallel 1000000 96 0.026255
Parallel 1000000 96 0.025887
Parallel 1000000 96 0.024114
Parallel 1000000 96 0.025392
Parallel 1000000 96 0.026714
Parallel 1000000 96 0.023031
Parallel 1000000 96 0.028222
Parallel 1000000 96 0.027120
Parallel 1000000 96 0.025179
Parallel 1000000 96 0.028195
Parallel 1000000 128 0.028858
Parallel 1000000 128 0.029406
Parallel 1000000 128 0.026564
Parallel 1000000 128 0.028530
Parallel 1000000 128 0.028900
Parallel 1000000 128 0.027887
Parallel 1000000 128 0.025058
Parallel 1000000 128 0.023990
Parallel 1000000 128 0.025393
Parallel 1000000 128 0.025954
Parallel 1000000 144 0.025733
Parallel 1000000 144 0.027823
Parallel 1000000 144 0.026099
Parallel 1000000 144 0.025414
Parallel 1000000 144 0.024976
Parallel 1000000 144 0.025452
Parallel 1000000 144 0.026000
Parallel 1000000 144 0.023657
Parallel 1000000 144 0.028061
Parallel 1000000 144 0.025467
Parallel 1000000 192 0.031328
Parallel 1000000 192 0.030542
Parallel 1000000 192 0.028833
Parallel 1000000 192 0.028299
Parallel 1000000 192 0.035404
Parallel 1000000 192 0.029153
Parallel 1000000 192 0.028286
Parallel 1000000 192 0.031520
Parallel 1000000 192 0.027463
Parallel 1000000 192 0.027333
Parallel 10000000 2 0.822262
Parallel 10000000 2 1.092836
Parallel 10000000 2 0.994672
Parallel 10000000 2 0.856679
Parallel 10000000 2 1.043604
Parallel 10000000 2 1.512135
Parallel 10000000 2 0.825085
Parallel 10000000 2 1.586956
Parallel 10000000 2 0.845052
Parallel 10000000 2 0.838337
Parallel 10000000 4 0.680025
Parallel 10000000 4 0.688349
Parallel 10000000 4 0.688423
Parallel 10000000 4 0.913815
Parallel 10000000 4 0.670078
Parallel 10000000 4 0.566990
Parallel 10000000 4 0.664082
Parallel 10000000 4 0.766385
Parallel 10000000 4 0.613713
Parallel 10000000 4 0.719656
Parallel 10000000 8 0.375161
Parallel 10000000 8 0.377087
Parallel 10000000 8 0.332770
Parallel 10000000 8 0.332860
Parallel 10000000 8 0.397857
Parallel 10000000 8 0.387112
Parallel 10000000 8 0.407889
Parallel 10000000 8 0.417104
Parallel 10000000 8 0.345854
Parallel 10000000 8 0.338694
Parallel 10000000 16 0.239224
Parallel 10000000 16 0.259858
Parallel 10000000 16 0.261973
Parallel 10000000 16 0.248916
Parallel 10000000 16 0.247201
Parallel 10000000 16 0.233743
Parallel 10000000 16 0.319584
Parallel 10000000 16 0.273328
Parallel 10000000 16 0.231688
Parallel 10000000 16 0.233949
Parallel 10000000 32 0.183046
Parallel 10000000 32 0.174650
Parallel 10000000 32 0.196533
Parallel 10000000 32 0.243959
Parallel 10000000 32 0.192614
Parallel 10000000 32 0.185579
Parallel 10000000 32 0.184767
Parallel 10000000 32 0.198252
Parallel 10000000 32 0.190258
Parallel 10000000 32 0.201349
Parallel 10000000 48 0.233785
Parallel 10000000 48 0.210909
Parallel 10000000 48 0.265553
Parallel 10000000 48 0.281756
Parallel 10000000 48 0.203600
Parallel 10000000 48 0.202466
Parallel 10000000 48 0.207550
Parallel 10000000 48 0.207617
Parallel 10000000 48 0.199829
Parallel 10000000 48 0.197128
Parallel 10000000 64 0.206746
Parallel 10000000 64 0.222765
Parallel 10000000 64 0.258070
Parallel 10000000 64 0.174117
Parallel 10000000 64 0.180114
Parallel 10000000 64 0.257510
Parallel 10000000 64 0.272132
Parallel 10000000 64 0.220615
Parallel 10000000 64 0.206299
Parallel 10000000 64 0.217124
Parallel 10000000 96 0.274334
Parallel 10000000 96 0.221303
Parallel 10000000 96 0.214427
Parallel 10000000 96 0.227123
Parallel 10000000 96 0.246828
Parallel 10000000 96 0.219056
Parallel 10000000 96 0.206558
Parallel 10000000 96 0.193861
Parallel 10000000 96 0.189711
Parallel 10000000 96 0.207509
Parallel 10000000 128 0.327077
Parallel 10000000 128 0.247127
Parallel 10000000 128 0.228495
Parallel 10000000 128 0.243620
Parallel 10000000 128 0.261735
Parallel 10000000 128 0.299575
Parallel 10000000 128 0.381440
Parallel 10000000 128 0.461737
Parallel 10000000 128 0.229884
Parallel 10000000 128 0.316449
Parallel 10000000 144 0.298027
Parallel 10000000 144 0.285062
Parallel 10000000 144 0.313361
Parallel 10000000 144 0.307758
Parallel 10000000 144 0.294721
Parallel 10000000 144 0.251149
Parallel 10000000 144 0.346356
Parallel 10000000 144 0.348615
Parallel 10000000 144 0.263035
Parallel 10000000 144 0.254615
Parallel 10000000 192 0.327657
Parallel 10000000 192 0.380066
Parallel 10000000 192 0.254768
Parallel 10000000 192 0.291810
Parallel 10000000 192 0.249838
Parallel 10000000 192 0.335965
Parallel 10000000 192 0.329454
Parallel 10000000 192 0.468293
Parallel 10000000 192 0.257692
Parallel 10000000 192 0.287519
Parallel 100000000 2 9.258730
Parallel 100000000 2 10.702520
Parallel 100000000 2 9.116225
Parallel 100000000 2 9.643807
Parallel 100000000 2 9.135499
Parallel 100000000 2 9.224543
Parallel 100000000 2 16.273635
Parallel 100000000 2 10.334869
Parallel 100000000 2 9.208738
Parallel 100000000 2 11.258021
Parallel 100000000 4 6.182421
Parallel 100000000 4 7.888651
Parallel 100000000 4 7.620221
Parallel 100000000 4 8.811486
Parallel 100000000 4 6.836424
Parallel 100000000 4 6.520819
Parallel 100000000 4 12.390780
Parallel 100000000 4 6.730410
Parallel 100000000 4 7.891000
Parallel 100000000 4 5.737416
Parallel 100000000 8 4.831939
Parallel 100000000 8 4.011929
Parallel 100000000 8 3.461654
Parallel 100000000 8 7.308312
Parallel 100000000 8 4.267222
Parallel 100000000 8 4.032509
Parallel 100000000 8 5.825389
Parallel 100000000 8 4.102898
Parallel 100000000 8 4.578078
Parallel 100000000 8 4.304035
Parallel 100000000 16 2.545436
Parallel 100000000 16 2.688337
Parallel 100000000 16 2.586678
Parallel 100000000 16 3.604839
Parallel 100000000 16 2.919156
Parallel 100000000 16 2.693838
Parallel 100000000 16 2.842632
Parallel 100000000 16 2.791724
Parallel 100000000 16 2.699872
Parallel 100000000 16 3.231894
Parallel 100000000 32 2.531645
Parallel 100000000 32 2.781072
Parallel 100000000 32 3.586694
Parallel 100000000 32 2.072427
Parallel 100000000 32 2.565862
Parallel 100000000 32 2.723666
Parallel 100000000 32 2.605667
Parallel 100000000 32 2.332653
Parallel 100000000 32 2.590873
Parallel 100000000 32 2.130774
Parallel 100000000 48 2.287167
Parallel 100000000 48 4.531287
Parallel 100000000 48 2.444064
Parallel 100000000 48 2.456170
Parallel 100000000 48 1.996299
Parallel 100000000 48 2.082886
Parallel 100000000 48 3.221426
Parallel 100000000 48 3.535759
Parallel 100000000 48 2.001915
Parallel 100000000 48 2.156593
Parallel 100000000 64 2.865460
Parallel 100000000 64 3.200007
Parallel 100000000 64 3.091595
Parallel 100000000 64 2.470702
Parallel 100000000 64 2.323333
Parallel 100000000 64 2.497494
Parallel 100000000 64 2.885727
Parallel 100000000 64 2.650494
Parallel 100000000 64 2.303123
Parallel 100000000 64 3.032291
Parallel 100000000 96 3.602638
Parallel 100000000 96 2.984405
Parallel 100000000 96 2.823070
Parallel 100000000 96 2.547372
Parallel 100000000 96 2.907927
Parallel 100000000 96 2.975654
Parallel 100000000 96 3.230467
Parallel 100000000 96 2.877160
Parallel 100000000 96 2.963809
Parallel 100000000 96 2.750043
Parallel 100000000 128 2.642453
Parallel 100000000 128 2.819646
Parallel 100000000 128 3.682965
Parallel 100000000 128 3.103129
Parallel 100000000 128 2.986670
Parallel 100000000 128 2.808623
Parallel 100000000 128 2.861009
Parallel 100000000 128 3.432574
Parallel 100000000 128 3.670553
Parallel 100000000 128 3.139719
Parallel 100000000 144 2.778194
Parallel 100000000 144 4.659585
Parallel 100000000 144 3.252940
Parallel 100000000 144 3.722648
Parallel 100000000 144 3.493895
Parallel 100000000 144 3.009918
Parallel 100000000 144 3.427233
Parallel 100000000 144 3.140670
Parallel 100000000 144 3.367550
Parallel 100000000 144 4.393128
Parallel 100000000 192 2.876002
Parallel 100000000 192 5.096078
Parallel 100000000 192 3.259436
Parallel 100000000 192 4.450371
Parallel 100000000 192 3.481892
Parallel 100000000 192 4.229029
Parallel 100000000 192 2.569702
Parallel 100000000 192 2.877102
Parallel 100000000 192 3.715492
Parallel 100000000 192 3.109419
